200
-61366792 -62843276
-40815926 19011845
28942849 -88271603
52193328 -77715111
38336116 -14051365
-34724931 -61880077
-42603797 57331589
30617711 32266737
49957576 -2084616
15028452 21774181
67106711 25602029
22851300 77076140
-9712322 27821985
93413060 -89420126
-47372988 -45539400
-14094986 95883532
-69587413 -98190041
61069270 39264572
24238802 -88281466
46191836 82821785
-27467679 -61972516
25174816 69293667
29160895 -33314687
78527331 93239770
-58337357 -26374092
-89210812 -11992319
35150291 3474196
70998005 92294100
-41811183 -36747449
33730603 22309777
-58965870 -89948582
13858738 20627150
56129284 -51973790
42566226 -77996143
-34919397 73551587
95584845 -65625338
38872577 -23855570
-84997210 52243656
58447214 55209994
52428369 66319282
-63735345 -42983454
-8186109 10514909
-95370368 -35940467
-95037025 -96854554
-9501779 90754899
65590332 45214566
-38735215 92988729
43177751 -27287851
46358707 11464201
32282603 73200861
-1955435 -41490088
99847228 -9581268
-37793496 68165298
31713277 -92638825
17538834 3290378
88652527 56249513
26731936 94787017
53632901 -37952970
-38601088 -64550010
49427686 57046561
43961118 80181801
19476502 -19513053
-64504460 79975792
4300840 -66400858
43462773 -12620679
1295303 46228562
-40890209 -44966308
8020140 36193128
-4749967 64882218
-47646802 76336430
87882158 40106061
-31944233 -94063637
79800242 15333722
-96484434 81227805
70888713 -77889461
41606610 83519728
71251328 14118205
-70162110 40316552
-39430027 -91686132
-72969397 -77302201
-51204412 -53922062
56474704 -78580701
-95250630 27003902
95071751 -40659488
4619315 52746748
18518147 -1999065
5194884 -71456678
-87375508 87554152
-62000677 70363292
67208158 -64793737
-47551978 -58480148
87234114 45059054
90756635 63881429
68740165 -24807251
6607082 -39759119
32260704 -63716750
95309764 48017065
-9599798 68823014
-11835304 -63555761
938951 -48120611
61764689 -19645816
-40455548 289657
71711298 31368161
63178392 -53259505
-27263632 -79816071
-31544292 -28925690
19247576 -17674569
-4338359 63312964
-45116292 38480079
-1285550 65515960
8920065 -90964855
80275474 16659130
-35508970 -96231641
34905531 -50811639
45313552 61867232
-56338587 -73787424
-89852694 15288322
45202017 44257045
-381659 -61889190
-15296467 -43885349
64538762 59544188
-27812905 -89509314
-83517859 75433401
2661861 11285392
-90654430 -58817591
68939538 33932057
-84212908 -78276513
-4962705 -97425166
-52919990 -56082275
85744109 13775855
58330372 49457154
61992926 74179380
53535645 -15656404
-45029381 29494752
36522033 80359776
-75332522 73477982
-55676374 -90630641
73594606 46059385
-68062570 3132594
-60039147 80297492
-86536702 -72657082
-84195786 88617651
-53704662 6118228
-74436680 46677292
60379111 90930025
-98094367 15139240
37876016 97245902
1321272 98984180
-34421735 48423449
15621225 35989509
39868518 67795727
-81831000 86179758
-1970869 -4482582
4104866 29914432
-21001604 -31836278
14178339 13826420
-65375089 -7430999
37414222 82100501
29124764 -46724082
-75220882 66386601
-38866162 -5703229
31408259 -70715616
41852726 95659170
55979858 -87771079
93197700 -21933617
57098413 -79176537
-51693171 -45212428
20199288 -90335664
14460518 27472286
84137181 30636526
-40499933 66487392
-67540122 66536072
-58698154 61993152
21216134 43716211
259764 -8358128
19741505 -96732160
-50865768 10310900
71779929 -52408273
88964711 98573516
-24400993 99721608
-59726026 75234168
-3293525 70751913
62824889 -27406980
-81269515 -82380512
49871747 -16755689
-58950232 76976732
-49214020 -17555253
-77527021 -54518538
-38852905 -77738881
65357455 -99828254
-55491700 -3201677
12574304 -59984455
-10436745 7765145
64768104 -63470165
57601949 -82423504
95538347 -90264454
-43068751 73779315
-71100445 81784621
24381670 -2266860
25697778 75425596
